{
 "cells": [
  {
   "cell_type": "code",
   "execution_count": 1,
   "metadata": {},
   "outputs": [],
   "source": [
    "import pandas as pd\n",
    "import numpy as np\n",
    "import matplotlib.pyplot as plt\n",
    "import math \n",
    "import hashlib"
   ]
  },
  {
   "cell_type": "code",
   "execution_count": 17,
   "metadata": {},
   "outputs": [
    {
     "data": {
      "text/plain": [
       "522412"
      ]
     },
     "execution_count": 17,
     "metadata": {},
     "output_type": "execute_result"
    }
   ],
   "source": [
    "data = pd.read_csv('data/train.csv')\n",
    "data.head(100)\n",
    "len(data)"
   ]
  },
  {
   "cell_type": "code",
   "execution_count": 12,
   "metadata": {
    "scrolled": false
   },
   "outputs": [
    {
     "data": {
      "text/plain": [
       "f53417e1    162255\n",
       "ecad2386     63340\n",
       "7358e05e     25178\n",
       "d292c32f     20410\n",
       "e2fcccd2     18810\n",
       "3692fd30     13678\n",
       "03a08c3f      9405\n",
       "54c5d545      9057\n",
       "5064623a      8635\n",
       "e71aba61      7813\n",
       "73206397      6930\n",
       "e2a1ca37      6906\n",
       "03528b27      6630\n",
       "06ef0828      6510\n",
       "66f5e02e      4436\n",
       "6a7bc718      4409\n",
       "f888bf4c      4270\n",
       "be7c618d      4248\n",
       "39947756      4078\n",
       "460f4063      3816\n",
       "c0c5eb49      3557\n",
       "4e02fbd3      3529\n",
       "c680d3dd      3350\n",
       "422da614      3333\n",
       "1dc72b4d      2805\n",
       "170f5944      2798\n",
       "2bc6bb64      2717\n",
       "fb7c70a3      2242\n",
       "75759a0b      2217\n",
       "1d64ced5      2187\n",
       "             ...  \n",
       "9e52603f         1\n",
       "2434b80a         1\n",
       "fb608f63         1\n",
       "72c30e4d         1\n",
       "4e031e68         1\n",
       "d6004e51         1\n",
       "27ea9e9f         1\n",
       "b8dd6afa         1\n",
       "ba50c4fe         1\n",
       "6723d5cf         1\n",
       "5af8918c         1\n",
       "14e07637         1\n",
       "800fdb5c         1\n",
       "aade46ef         1\n",
       "0a1adda9         1\n",
       "5e9e195d         1\n",
       "768cce9a         1\n",
       "d8704c2e         1\n",
       "d71a818d         1\n",
       "fa17c1ef         1\n",
       "b2b678e1         1\n",
       "0f6b2622         1\n",
       "3aaff9a8         1\n",
       "b4924f7c         1\n",
       "1e2c67a7         1\n",
       "289341ce         1\n",
       "3e4c4a5c         1\n",
       "fb631a94         1\n",
       "66d1cc1d         1\n",
       "470c3bc7         1\n",
       "Name: card_id, Length: 1668, dtype: int64"
      ]
     },
     "execution_count": 12,
     "metadata": {},
     "output_type": "execute_result"
    }
   ],
   "source": [
    "data.card_id.value_counts()"
   ]
  },
  {
   "cell_type": "code",
   "execution_count": 14,
   "metadata": {},
   "outputs": [
    {
     "data": {
      "text/html": [
       "<div>\n",
       "<style scoped>\n",
       "    .dataframe tbody tr th:only-of-type {\n",
       "        vertical-align: middle;\n",
       "    }\n",
       "\n",
       "    .dataframe tbody tr th {\n",
       "        vertical-align: top;\n",
       "    }\n",
       "\n",
       "    .dataframe thead th {\n",
       "        text-align: right;\n",
       "    }\n",
       "</style>\n",
       "<table border=\"1\" class=\"dataframe\">\n",
       "  <thead>\n",
       "    <tr style=\"text-align: right;\">\n",
       "      <th></th>\n",
       "      <th>id</th>\n",
       "      <th>timestamp</th>\n",
       "      <th>C15</th>\n",
       "      <th>C16</th>\n",
       "      <th>C17</th>\n",
       "      <th>C18</th>\n",
       "      <th>C19</th>\n",
       "      <th>C20</th>\n",
       "      <th>C21</th>\n",
       "      <th>amount</th>\n",
       "      <th>isfraud</th>\n",
       "    </tr>\n",
       "  </thead>\n",
       "  <tbody>\n",
       "    <tr>\n",
       "      <th>id</th>\n",
       "      <td>1.000000</td>\n",
       "      <td>0.997587</td>\n",
       "      <td>-0.018651</td>\n",
       "      <td>0.011418</td>\n",
       "      <td>0.255671</td>\n",
       "      <td>-0.333089</td>\n",
       "      <td>-0.156900</td>\n",
       "      <td>0.034557</td>\n",
       "      <td>0.347860</td>\n",
       "      <td>-0.025025</td>\n",
       "      <td>-0.024167</td>\n",
       "    </tr>\n",
       "    <tr>\n",
       "      <th>timestamp</th>\n",
       "      <td>0.997587</td>\n",
       "      <td>1.000000</td>\n",
       "      <td>-0.016096</td>\n",
       "      <td>0.012150</td>\n",
       "      <td>0.286264</td>\n",
       "      <td>-0.345968</td>\n",
       "      <td>-0.185009</td>\n",
       "      <td>0.041096</td>\n",
       "      <td>0.367994</td>\n",
       "      <td>-0.026694</td>\n",
       "      <td>-0.024398</td>\n",
       "    </tr>\n",
       "    <tr>\n",
       "      <th>C15</th>\n",
       "      <td>-0.018651</td>\n",
       "      <td>-0.016096</td>\n",
       "      <td>1.000000</td>\n",
       "      <td>0.148014</td>\n",
       "      <td>0.030097</td>\n",
       "      <td>-0.017020</td>\n",
       "      <td>0.006936</td>\n",
       "      <td>-0.005521</td>\n",
       "      <td>0.030765</td>\n",
       "      <td>0.024541</td>\n",
       "      <td>-0.004567</td>\n",
       "    </tr>\n",
       "    <tr>\n",
       "      <th>C16</th>\n",
       "      <td>0.011418</td>\n",
       "      <td>0.012150</td>\n",
       "      <td>0.148014</td>\n",
       "      <td>1.000000</td>\n",
       "      <td>0.066914</td>\n",
       "      <td>0.012226</td>\n",
       "      <td>0.014339</td>\n",
       "      <td>-0.016941</td>\n",
       "      <td>0.025182</td>\n",
       "      <td>0.018713</td>\n",
       "      <td>0.045341</td>\n",
       "    </tr>\n",
       "    <tr>\n",
       "      <th>C17</th>\n",
       "      <td>0.255671</td>\n",
       "      <td>0.286264</td>\n",
       "      <td>0.030097</td>\n",
       "      <td>0.066914</td>\n",
       "      <td>1.000000</td>\n",
       "      <td>-0.456372</td>\n",
       "      <td>-0.712730</td>\n",
       "      <td>0.156852</td>\n",
       "      <td>0.610945</td>\n",
       "      <td>0.073323</td>\n",
       "      <td>-0.010252</td>\n",
       "    </tr>\n",
       "    <tr>\n",
       "      <th>C18</th>\n",
       "      <td>-0.333089</td>\n",
       "      <td>-0.345968</td>\n",
       "      <td>-0.017020</td>\n",
       "      <td>0.012226</td>\n",
       "      <td>-0.456372</td>\n",
       "      <td>1.000000</td>\n",
       "      <td>0.401323</td>\n",
       "      <td>-0.097914</td>\n",
       "      <td>-0.616569</td>\n",
       "      <td>-0.048927</td>\n",
       "      <td>0.019256</td>\n",
       "    </tr>\n",
       "    <tr>\n",
       "      <th>C19</th>\n",
       "      <td>-0.156900</td>\n",
       "      <td>-0.185009</td>\n",
       "      <td>0.006936</td>\n",
       "      <td>0.014339</td>\n",
       "      <td>-0.712730</td>\n",
       "      <td>0.401323</td>\n",
       "      <td>1.000000</td>\n",
       "      <td>-0.184169</td>\n",
       "      <td>-0.478817</td>\n",
       "      <td>0.126511</td>\n",
       "      <td>0.004078</td>\n",
       "    </tr>\n",
       "    <tr>\n",
       "      <th>C20</th>\n",
       "      <td>0.034557</td>\n",
       "      <td>0.041096</td>\n",
       "      <td>-0.005521</td>\n",
       "      <td>-0.016941</td>\n",
       "      <td>0.156852</td>\n",
       "      <td>-0.097914</td>\n",
       "      <td>-0.184169</td>\n",
       "      <td>1.000000</td>\n",
       "      <td>-0.043508</td>\n",
       "      <td>-0.044812</td>\n",
       "      <td>0.004021</td>\n",
       "    </tr>\n",
       "    <tr>\n",
       "      <th>C21</th>\n",
       "      <td>0.347860</td>\n",
       "      <td>0.367994</td>\n",
       "      <td>0.030765</td>\n",
       "      <td>0.025182</td>\n",
       "      <td>0.610945</td>\n",
       "      <td>-0.616569</td>\n",
       "      <td>-0.478817</td>\n",
       "      <td>-0.043508</td>\n",
       "      <td>1.000000</td>\n",
       "      <td>0.057694</td>\n",
       "      <td>-0.048312</td>\n",
       "    </tr>\n",
       "    <tr>\n",
       "      <th>amount</th>\n",
       "      <td>-0.025025</td>\n",
       "      <td>-0.026694</td>\n",
       "      <td>0.024541</td>\n",
       "      <td>0.018713</td>\n",
       "      <td>0.073323</td>\n",
       "      <td>-0.048927</td>\n",
       "      <td>0.126511</td>\n",
       "      <td>-0.044812</td>\n",
       "      <td>0.057694</td>\n",
       "      <td>1.000000</td>\n",
       "      <td>-0.022021</td>\n",
       "    </tr>\n",
       "    <tr>\n",
       "      <th>isfraud</th>\n",
       "      <td>-0.024167</td>\n",
       "      <td>-0.024398</td>\n",
       "      <td>-0.004567</td>\n",
       "      <td>0.045341</td>\n",
       "      <td>-0.010252</td>\n",
       "      <td>0.019256</td>\n",
       "      <td>0.004078</td>\n",
       "      <td>0.004021</td>\n",
       "      <td>-0.048312</td>\n",
       "      <td>-0.022021</td>\n",
       "      <td>1.000000</td>\n",
       "    </tr>\n",
       "  </tbody>\n",
       "</table>\n",
       "</div>"
      ],
      "text/plain": [
       "                 id  timestamp       C15       C16       C17       C18  \\\n",
       "id         1.000000   0.997587 -0.018651  0.011418  0.255671 -0.333089   \n",
       "timestamp  0.997587   1.000000 -0.016096  0.012150  0.286264 -0.345968   \n",
       "C15       -0.018651  -0.016096  1.000000  0.148014  0.030097 -0.017020   \n",
       "C16        0.011418   0.012150  0.148014  1.000000  0.066914  0.012226   \n",
       "C17        0.255671   0.286264  0.030097  0.066914  1.000000 -0.456372   \n",
       "C18       -0.333089  -0.345968 -0.017020  0.012226 -0.456372  1.000000   \n",
       "C19       -0.156900  -0.185009  0.006936  0.014339 -0.712730  0.401323   \n",
       "C20        0.034557   0.041096 -0.005521 -0.016941  0.156852 -0.097914   \n",
       "C21        0.347860   0.367994  0.030765  0.025182  0.610945 -0.616569   \n",
       "amount    -0.025025  -0.026694  0.024541  0.018713  0.073323 -0.048927   \n",
       "isfraud   -0.024167  -0.024398 -0.004567  0.045341 -0.010252  0.019256   \n",
       "\n",
       "                C19       C20       C21    amount   isfraud  \n",
       "id        -0.156900  0.034557  0.347860 -0.025025 -0.024167  \n",
       "timestamp -0.185009  0.041096  0.367994 -0.026694 -0.024398  \n",
       "C15        0.006936 -0.005521  0.030765  0.024541 -0.004567  \n",
       "C16        0.014339 -0.016941  0.025182  0.018713  0.045341  \n",
       "C17       -0.712730  0.156852  0.610945  0.073323 -0.010252  \n",
       "C18        0.401323 -0.097914 -0.616569 -0.048927  0.019256  \n",
       "C19        1.000000 -0.184169 -0.478817  0.126511  0.004078  \n",
       "C20       -0.184169  1.000000 -0.043508 -0.044812  0.004021  \n",
       "C21       -0.478817 -0.043508  1.000000  0.057694 -0.048312  \n",
       "amount     0.126511 -0.044812  0.057694  1.000000 -0.022021  \n",
       "isfraud    0.004078  0.004021 -0.048312 -0.022021  1.000000  "
      ]
     },
     "execution_count": 14,
     "metadata": {},
     "output_type": "execute_result"
    }
   ],
   "source": [
    "data.corr()"
   ]
  },
  {
   "cell_type": "code",
   "execution_count": null,
   "metadata": {},
   "outputs": [],
   "source": []
  }
 ],
 "metadata": {
  "kernelspec": {
   "display_name": "Python 3",
   "language": "python",
   "name": "python3"
  },
  "language_info": {
   "codemirror_mode": {
    "name": "ipython",
    "version": 3
   },
   "file_extension": ".py",
   "mimetype": "text/x-python",
   "name": "python",
   "nbconvert_exporter": "python",
   "pygments_lexer": "ipython3",
   "version": "3.7.3"
  }
 },
 "nbformat": 4,
 "nbformat_minor": 2
}
